Cityscapes pixel distribution summary (19 training classes):

Total pixels (for these 19 classes): 5523279889

Class-wise statistics:
  road: 2036416525 pixels, 36.87%
  sidewalk: 336090793 pixels, 6.08%
  building: 1260636120 pixels, 22.82%
  wall: 36199498 pixels, 0.66%
  fence: 48454166 pixels, 0.88%
  pole: 67789506 pixels, 1.23%
  traffic light: 11477088 pixels, 0.21%
  traffic sign: 30448193 pixels, 0.55%
  vegetation: 879783988 pixels, 15.93%
  terrain: 63949536 pixels, 1.16%
  sky: 221979646 pixels, 4.02%
  person: 67326424 pixels, 1.22%
  rider: 7463162 pixels, 0.14%
  car: 386328286 pixels, 6.99%
  truck: 14772328 pixels, 0.27%
  bus: 12990290 pixels, 0.24%
  train: 12863955 pixels, 0.23%
  motorcycle: 5449152 pixels, 0.10%
  bicycle: 22861233 pixels, 0.41%

Python lists for loss weighting (order follows the class order):
Inverse Frequency list: [2.712254502550749, 16.43389228160142, 4.381343514891514, 152.5789083870721, 113.98978343781627, 81.476916043613, 481.2440132026521, 181.39926691216127, 6.27799546745104, 86.36935049849306, 24.881920430668675, 82.03732740951754, 740.072356596306, 14.296856039684341, 373.89366719991597, 425.18526445522, 429.36094606985176, 1013.603564187602, 241.60026228681542]
Median Frequency Balancing list: [0.023793838541945635, 0.14416987019337957, 0.03843628246983753, 1.338531434883434, 1.0, 0.7147738471497344, 4.221817067186381, 1.5913642560003478, 0.05507507145037971, 0.7576937852997089, 0.2182820221273801, 0.7196901769207288, 6.492444623337937, 0.1254222581051184, 3.2800629663787593, 3.7300295836351616, 3.7666616526565897, 8.89205623186874, 2.119490492923107]
Log Scaling list: [3.045383480249677, 12.862127312658735, 4.509888876996228, 38.15694593009221, 35.25278401818165, 31.48260832348194, 45.79224481584843, 39.69406346608758, 6.0639281852733715, 32.16484408952653, 17.10923371690307, 31.5633201415795, 47.33397232867321, 11.610673599796504, 44.60042610251128, 45.23705196392834, 45.28288297518183, 48.14776939659858, 41.924631833506794]